-546.2941176470588
-548.6842105263158
-482.27272727272725
-477.3636363636364
-702.6
-524.4285714285714
-412.57142857142856
-512.1304347826087
-611.5714285714286
-300.7142857142857
-409.77777777777777
-593.75
-376.2
-437.0
-469.4
-505.90909090909093
-467.42105263157896
-452.3333333333333
-273.25
-253.66666666666666
-444.6
-350.53846153846155
-442.6
-482.45454545454544
-501.0
-459.0
-403.1666666666667
-701.5
-643.3333333333334
-424.6666666666667
-520.8888888888889
-577.9090909090909
-514.0
-439.3076923076923
-514.0
-416.8
-509.0
-435.6
-820.3333333333334
-499.0
-515.2857142857143
-467.8888888888889
-444.3333333333333
-287.2857142857143
-477.1666666666667
-427.54545454545456
-208.33333333333334
-419.72727272727275
-575.0
-659.6666666666666
-556.5384615384615
-635.6666666666666
-385.6666666666667
-387.57142857142856
-576.5384615384615
-481.6
-543.4615384615385
-593.0
-632.6666666666666
-556.6666666666666
-520.375
-414.53846153846155
-534.75
-488.0769230769231
-362.1111111111111
-682.1428571428571
-477.1333333333333
-623.6666666666666
-148.0
-530.8181818181819
-486.7142857142857
-679.1428571428571
-430.0
-690.6
