-101 78 N/A -255 951 -300 -519 N/A 383 N/A 847 4 -353 N/A -779 N/A 592 -510 942 N/A -846 -44 -815 N/A 347 -30 -417 N/A -44 -800 848 N/A 437 859 145 -267 -411
593 N/A -49 379 N/A 957 181 632 -139 N/A -603 N/A -677 -462 -824 208 526 385 N/A 327 -539 66 N/A 577 674 N/A 431 N/A -634 -31 -791 -666 -742 N/A -256 -713 881 383 55 464 N/A -392 N/A 871 -173 N/A -910 -135
-457 -543 -746 748 -850 769 -620 N/A -962 -889 N/A 608 651 N/A 182 N/A 732 N/A -658 655 N/A 264 N/A -125 36 N/A 526 723 -123 -507 -454 340 -524 -593 -55 N/A -132 129 883 -575 N/A -217
-902 -894 19 21 -760 N/A -562 N/A -670 N/A 449 N/A 246 -130 N/A -799 860 -880 -961 -156 -690 457 N/A -94 N/A -12 122 -47
361 -326 N/A -230 -927 -594 N/A -56 336 578 790 N/A -585 866 -146 408 -706 225 N/A 732 856 -823 N/A 619 N/A -411 560 N/A 355 867 N/A -440 N/A -387 -874 11 481 -939 N/A -232 -727 180 -583 -360 N/A 282
-157 N/A -510 -577 N/A 696 -820 N/A 43 N/A 218 -999 797 -226 121 310 N/A -981 N/A 703 318 N/A -947 -309 -208 536 -298 -22 N/A -855 683 478 165 N/A -309 N/A 273 -997 -938 487 -388
271 404 N/A 736 -642 N/A -54 -638 228 -145 -648 156 -590 N/A 522 982 N/A -778 N/A 926 -892 -51 N/A -598 N/A 9 -924 374 -516 -912 N/A -261 -843 484 N/A 110 -340 N/A 988 -715 -96 N/A -924 N/A 876 -626 -522 643 807 -713 -93
-145 315 N/A -64 772 N/A -101 271 900 -190 116 937 N/A -59 -437 -900 379 N/A 169 240 -95 -596 219 847 N/A -527 N/A -313 -980 -784 N/A -630 N/A 221 359 -258 312 N/A 669 -959 -92 N/A -913 232 N/A -369 -218 162 723 N/A 256 -929 N/A 779 654 N/A 66
-173 535 -148 N/A -491 -805 938 -554 N/A -869 -559 177 20 -816 -56 -762 39 N/A 446 N/A -136 -107 993 462 N/A 445 N/A 899 N/A 888 N/A 607 197 425 206 301 N/A -157 -614 -24 660 N/A -125
892 291 5 N/A -720 969 N/A 809 -377 N/A -193 -254 N/A -164 -970 291 N/A 643 -149 N/A 30 837 829 N/A 175 -34 876 688 368 N/A 323 -549 -544 989 -784 636 858 N/A -952
35 -208 -327 N/A -308 -215 N/A -678 N/A 474 670 -498 790 N/A -678 881 487 N/A -123 -119 437 486 552 -653 -369 N/A -863 39 N/A 227 N/A 573 -579 -29 -769 N/A -262 938 -719 -452 -267 460 889 N/A -751 N/A 797 -877 -112 N/A 519 N/A 16 831 -370 N/A -957 442 -452
335 434 977 N/A -304 91 910 N/A -360 133 198 N/A 997 -673 -3 N/A 846 -247 N/A 696 424 -379 N/A 901 -850 70 -113 N/A 147 -219 -769 780 -844 N/A 899
-76 -610 120 178 N/A 356 -80 -533 N/A -201 -569 N/A -794 N/A 919 949 N/A 680 -810 -730 N/A 885 358 -471 N/A -190 192 -148 N/A 458 -547 -15 520 N/A 356 268 N/A -90 -626 -243 -179 N/A -452 641 -438 N/A -17 351 896 N/A 634 -483 894 -669 -998 69 N/A -175 N/A -144 N/A -386 371 -898
-647 -13 -463 721 N/A 401 N/A -778 763 N/A -261 N/A 684 N/A -139 226 -497 293 593 829 976 -328 N/A 657 N/A -463 -244 780
734 N/A 407 541 -413 223 286 280 -686 153 493 -112 N/A 516 N/A -526 -99 776 N/A 946 -548 -83 N/A -2 N/A -210 -193 284 219 201 -514 N/A -908 738 N/A 171 253 N/A -32
568 -276 -301 N/A -475 144 N/A 175 N/A 648 -568 N/A 562 50 -176 -764 N/A 857 -8 685 -779 50 N/A -71 -864
-624 N/A -719 -554 445 -368 -642 N/A -797 -519 746 -915 304 N/A -484 -31 -837 419 -988 359 267 N/A -747 -667 N/A -147 487 N/A 382 -366 -241 N/A -564 -534 -984 N/A -284 912 N/A 742 N/A 907 N/A 833 -555 N/A 720 434 N/A 719 32 -888 851 -565 -409 N/A 965 -162 670 329 -366 -587 -804 N/A 377 N/A -118 -171 N/A -213 -872 338 N/A -71 -608
168 347 -939 665 N/A -179 N/A 372 152 -812 609 328 N/A -248 -423 -167 200 N/A 290 N/A -92 596 686 N/A -40 N/A 368 577 N/A 858 992 -958 836 -446 N/A 631 N/A -468 684 -647 N/A -628 -219 639 N/A 237 793 447 -572 -21 N/A 896 970 N/A -80 -137 N/A 427 N/A 558 72 418 -137 89 -334 231 -130 -226 N/A 914 -729 -515 N/A -570 178
854 N/A 197 -530 N/A -102 965 -973 -20 294 N/A -804 -964 419 N/A -542 -920 N/A -172 -566 36 -534 N/A -745 N/A -337 N/A -55 N/A 635 583 43 N/A -853 276 -456 921 284 N/A 0 568 602 N/A 762 735 -933 -929 N/A -120 385 -506 881
-392 -627 N/A 196 591 N/A 46 74 996 752 N/A 93 -501 -533 -464 -214 372 N/A -285 -220 N/A -339 -589 -51 -694 N/A 868 372 598 N/A -657 -223 202 N/A -768 150 -291 N/A -407 N/A 889 804 -288 N/A -180 -965 -35 N/A 307 -61 652 N/A 756 N/A -175 -160 -270 N/A 757 -924 N/A -473 993 -211 390 353 192 -137 N/A 464 N/A 388 450
194 -724 -310 185 N/A -840 -898 -736 N/A 86 -616 -589 -365 85 -604 N/A 332 N/A -296 664 63 N/A -251 200 -665 -941 -476 -469 N/A 409 N/A -193 135 N/A 580
-414 N/A -65 N/A 352 -57 N/A 718 826 191 -224 -350 -887 316 N/A 402 -435 -640 920 798 -437 N/A -644 -29 N/A -681 N/A 141 790
-658 622 N/A 243 920 261 -772 174 N/A 425 -44 N/A 800 -814 -671 N/A -143 N/A -525 620 N/A 978 -235 N/A 90 887 N/A 649 -932 895 -293 -908 N/A 822 -190 N/A -200 -71 189 N/A 835 14 -613 744 -988 -72
972 289 N/A 881 N/A 330 N/A -251 921 616 -739 833 -894 N/A -337 N/A 415 306 N/A 805 -355 -279 N/A 570 970 N/A 341 N/A 565 -539 -989 875 57 113 -283 -294 N/A -306 -644 346 516 920 -808 N/A 623 -591 N/A 688
297 938 N/A 192 571 N/A -356 280 -148 865 -735 668 -122 632 N/A 312 N/A -775 -603 -707 809 -587 537 N/A -825 N/A -217 -604 N/A -914
-971 N/A 899 716 294 N/A -67 -535 753 864 105 -402 324 N/A -622 156 -159 -571 -434 N/A 967 -259 929 N/A -238 524 728 N/A -14 -225 N/A 764 -43 -279 N/A 789 378 N/A 489 N/A 403 550 N/A 372 -524 -101 N/A -838 293
935 -123 N/A 947 -243 86 N/A -304 -466 -295 -929 N/A 598 -115 N/A 300 -937 -334 N/A -281 -933 N/A 490 288 -795
-864 339 N/A 752 -12 N/A 952 -342 397 817 521 665 -980 -78 -914 -198 464 -669 -704 653 -599 N/A -632 N/A 402 642 N/A 505 N/A 909 855 -196 N/A -954 -424 673 N/A 566 697 N/A -367 N/A -976 145 356 N/A -959 910 N/A -461 N/A 254 63
-437 -668 -424 -919 -911 N/A 688 N/A 12 N/A -365 -530 -405 -793 -661 235 456 150 -929 N/A -268 -184 N/A 249 N/A -82 93 N/A 930 -340 N/A 528 372 857 860 29 N/A 188 673 N/A -844 N/A -700 -981 -550 628 N/A -738 -155 N/A -925 919
-741 682 -544 734 N/A -889 375 N/A -292 -34 -302 -776 -419 -60 -87 N/A 86 798 N/A -493 N/A -772 -169 -8 N/A 756 -532 -553 68 562 696 N/A 730 559 375 -291 N/A 776 -888 508 N/A 161 -641 N/A 994 -949 N/A 329 751 399 N/A 2 866 -142 N/A 121 472 -502 -346 685 -611 N/A 978 N/A 509 N/A -757 -260 -401 N/A 804
225 963 -798 980 188 -431 599 225 -190 -567 648 -460 952 N/A 822 -425 783 -409 N/A 10 N/A -35 144 -125 N/A 976 N/A 698 -883 N/A -15 N/A 856 N/A -986 -255 -225 N/A -421 N/A 576 N/A -257 787 N/A -649 961 551 -674 943 677
163 781 414 230 N/A 20 504 -271 N/A -248 N/A -456 N/A 264 39 -480 -241 -780 N/A 465 N/A 965 181 358 N/A -702 146 -181 -260 229 583 -581 N/A -97 406 105 N/A 460 -22 N/A -286 290 952 907 -30 N/A 325 N/A 999
-672 N/A -241 -393 N/A -42 326 498 250 -621 -18 -724 -165 N/A -71 738 N/A -698 N/A 566 336 -357 -659 985 N/A 397 N/A -913 805 N/A -996 -466 -9 -176 N/A 595 529 N/A 85 177 N/A 72 N/A 819 -898 672 -114 433 N/A -15 -230 -493 564 -769 -480 793 N/A 873
-325 N/A 657 708 -686 519 N/A 871 -621 168 N/A -561 N/A -119 878 N/A 497 146 833 -729 -720 401 377 N/A -467 -824 685 N/A -675 513 946 -487 -151 N/A -237 734 -483 -638 N/A 325 N/A 557 556 N/A -521 -176 N/A -713 326 580
339 -685 N/A 742 754 N/A 247 N/A -967 -23 N/A -383 N/A 923 306 -423 N/A 891 -834 N/A -464 -288 -40 -658 N/A -446 812 N/A -541 442 -339 -307 724 N/A 801 N/A 211 -642 N/A 264 166 222 N/A -456 636 -326 470 N/A 81 -410 -528 -949 -16 -260 N/A 758 800 -386 -430 N/A 635 884 184 211
-126 -246 N/A 912 979 -848 N/A -938 N/A 954 N/A 508 -690 682 N/A -150 N/A -403 N/A 546 -559 -716 N/A 357 N/A 782 -1 N/A -312 424 -766 117 -161 303 -261 224 -391 -272 -610 -952 -720 276
-20 N/A -903 234 941 N/A -192 N/A 960 969 N/A -107 -731 N/A -660 331 -380 N/A -675 N/A -269 N/A -618 391 N/A 873 N/A 59 -66 -372 629 N/A -182 609 918 436 -330 -624 370 3 N/A 819 -430 -372 N/A -605 N/A -660 108 N/A -957 N/A -516 -162 N/A -186 -565 564 -436 845 N/A 815 518 -54 95 -418 -447 -114 608 -114 801 -633
-966 584 -320 -695 -512 -267 475 N/A 625 179 951 -534 N/A 859 -451 N/A 314 -752 275 -283 N/A -379 732 N/A 858 N/A -166 -409 65 N/A -706 923 N/A -341 -285 N/A 779 52 N/A 817 82 N/A 601 N/A -351 -817 N/A 613 -203 -244 -859 -277 -941 -527 -810 346 N/A -300 N/A 158 943 207 N/A -379 -666 -774 N/A -174 977 -395 N/A 611
-458 N/A -812 846 -339 229 -260 576 -355 N/A -220 -724 N/A -644 910 N/A 100 -16 908 -555 N/A -637 -808 267 N/A 290 N/A -518 253 N/A -397 N/A -1000 -375 -933 -773 -315 705
-333 512 -9 -880 N/A -408 -661 29 358 N/A -736 -275 N/A -686 N/A -495 -422 N/A -551 -603 N/A -988 N/A -93 -6 119 441 N/A 781 191 530 -304 N/A 27 -974 N/A -469 -895 459 N/A 505 N/A 91 874 -787 N/A 745 N/A 188 8 421 339 -44 103 N/A -640 -152 -143 629 -838 -496 N/A -679 -993
-115 -871 N/A 65 N/A -55 N/A 359 N/A -949 -611 50 N/A -606 N/A 133 -406 -836 702 -527 -644 -169 -941 -800 885 N/A 358 886 -131 -350 N/A 701 598 -641 -294 266 N/A 8 N/A 120 N/A -370 N/A 464 -285 -795 -226 534 586 492 N/A -333 N/A -509 791 -303 755 N/A 881 569 99 N/A -789 -907
-174 -403 -952 -653 116 -820 991 -490 N/A -425 N/A 516 N/A -9 359 330 N/A 591 -770 N/A 276 N/A -709 -14 997 924 -74 804 N/A -872 N/A 16 -940
302 -201 525 264 -802 317 N/A 81 N/A 501 275 N/A -167 760 263 -227 -445 -442 N/A 342 573 -911 476 N/A -276 N/A 716 N/A 764 -9 811 -91 N/A -535 542 N/A -874 N/A 985 128 333 N/A -216 -86 -989 314
773 885 N/A -633 -617 -760 N/A -250 621 -723 N/A 582 845 -362 651 -501 470 N/A -626 615 N/A -353 721 -611 N/A -51 -723 N/A -898 -297 N/A 431 N/A -63 N/A 29 423 -252 -10 -85
49 -827 -965 966 -850 N/A 8 -54 N/A 88 603 N/A 705 617 -823 N/A -811 N/A 42 -801 -370 119 16 -23 208 N/A 523 N/A -695 -31 -555 N/A 821 813 N/A 262 N/A 438 263 -557 -662 N/A -994 -912 928 N/A -815 858
-208 -452 -606 -995 N/A 335 -540 131 N/A -104 N/A 164 N/A 621 -884 -529 N/A 945 259 203 N/A -736 779 N/A 831 580 N/A -255 -876 503 91 335
956 -106 916 -67 -902 -626 -751 N/A -364 N/A 483 267 520 -557 395 -388 159 N/A 67 N/A 485 N/A 282 340 N/A -855 N/A -955 414 -888 N/A -945 586 N/A -821 -524 -459
399 998 N/A -917 -488 N/A -233 -181 -72 -520 -781 -315 -616 N/A -366 N/A -817 752 -430 -130 N/A 954 N/A 624 -143 368 -41
925 255 N/A 810 590 N/A -381 N/A 243 -663 -311 800 N/A -53 N/A -77 -467 945 399 481 -888 -838 N/A 356 -378 N/A 3 -926 -233 N/A -591 135 -854 276 -617 -450 -30 N/A 796 N/A -768 -625 N/A 28 244 -777 N/A -786 N/A -397 -503 458 -300 588 N/A -703 62 156 -540 -465 N/A 655 N/A -197 -979 -109 80 N/A -810 -138 N/A 454 555 709
415 N/A 599 -653 891 209 -52 296 159 N/A -252 -375 638 527 494 N/A 432 -978 670 -924 N/A -907 N/A 745 -251 N/A -118 -698 134 578 -239 N/A 325 -816 110 786 N/A 828 N/A 76 N/A 213 376 -494 N/A -577 -890 N/A 44
-246 N/A -698 -445 -684 213 156 727 39 585 805 -973 N/A -153 -952 -768 -455 -948 N/A 673 -595 970 -597 N/A -63 N/A -321 N/A -203 -350 -722 N/A -979 -797 -224 -74 741 -187 265 478 856 -100 N/A 160 746 359 -434 N/A -585 N/A -457 521 -135 N/A -591 -25 803 493 N/A 687 N/A 543 N/A 78 N/A -166 809 249 -336 N/A -460 N/A -417 N/A -419
-880 281 -386 N/A -811 -206 886 -616 N/A 415 -293 N/A 134 -510 459 N/A -38 -344 -809 -386 N/A 622 N/A 32 958 936 -62 147 N/A -84 362 N/A -33 N/A -271 -986 490 432 N/A 228
525 -818 -427 N/A 9 -979 -154 51 52 N/A 667 N/A 610 N/A 432 -775 N/A 558 -839 150 548 891 N/A -445 2 N/A -440 N/A -573 120 546 751 651 305 N/A 124 411 -310
821 -14 -780 -503 516 -738 -733 N/A 780 -494 N/A 50 N/A 866 -964 286 -330 192 N/A 803 -613 N/A -224 N/A 514 507 -331 762 N/A -988 203 774 808 N/A -978 -123 -132 731 N/A -227 -522 N/A 729