940 -846 -666 122 474 362 -110 508 -701 -812 326 -821 565 484 -179 713 -647 541 916 173 -57 798 -29 819 633 -483 692 -794 -140 -784 -886 861 -946 277 230 919 791 -566 815 -58 -703 892
666 904 -843 936 -499 -94 820 313 -461 -552 -59 -280 976 211 -290 -38 459 -552 481 -999 478 -90 824 -826 164 753 23 -183 248 505 -719 -323 -120 -442 433 -381 -361 -943 169 508 -86 -255 -19 383 57 -286 -282 -246 -785 811
861 486 -643 -742 -576 126 52 -656 241 13 166 625 598 -700 -617 -787 774 -424 816 -78 20 645 606 -120 76 123 787 888 863 958 188 68 -483 -441 27 -339 -676 620 -961 958 -668 -353 -620 -189 -436 -160 -1000 -891 -746 9 170 -801 397 -244 -678 -536 843 -394 -313 -169 -739 -121 786 149 700 -8 914
844 -402 233 -410 -145 485 -915 -192 -346 759 928 335 -898 164 89 -405 -468 -755 -858 568 150 893 -858 993 551 -753 84 -188 193 -545 -819 769 277 784 6 410 -425 -700 335 -577 -103 -607 -567 735 253 -963 -267 -434 914 319 -90 741 -610 -539
549 490 496 791 479 579 868 190 524 -259 814 618 -669 851 -468 -378 -159 654 -871 -479 504 792 543 414 -840 -655 198 175 116 122 644 -744 607 867 168 -582 773 111 541 599 -445 -58 -658 225 588 -863 639 -306
-213 10 -375 -820 831 -284 -415 -560 115 47 -844 391 -905 -873 -477 806 736 533 500 708 61 957 -844 847 709 304 -733 -624 -892 -703 645 -699 848 384 -647 -132 194 -494 -557 147 330 295 528 -668 -333 -736 -93
737 598 -154 -922 -874 310 446 -893 125 -233 -679 -377 363 22 -420 -933 892 -36 828 39 303 -294 -459 67 861 -111 -373 -732 70 398 369 -858 -604 544 -312 994 -378 309 206 -596 -329 -844 843
-361 -204 -888 672 -280 60 751 927 407 83 -448 708 672 -443 167 -801 -536 610 123 -280 554 -83 3 298 712 488 588 -891 -396 -87 -179 -682 151 569 93 583 632 -195 -393 -718 336 139 -287 859 -972 985 398 -734 247 -820 734
248 -607 -898 215 444 22 -983 -366 -158 -739 816 -427 421 5 -247 -841 -318 -868 197 532 340 515 439 -156 -326 491 -37 708 77 -249 -61 720 960 -659 -73 747 -143 432 -782 502 878 -135 -368 -165 -24 -569
154 -247 -463 -195 277 -544 -788 296 -61 174 -890 -480 670 -195 -570 961 547 250 491 -636 793 247 277 448 -600 832 -975 -235 -693 -295 -684 -459 256 650 209 207 502 355 -272 -15 523 -937 -919 -23 444 -672 -129 -819 718 -301 579 505 874 666 98 -328 -596 471 748 -601 -785 -738
902 791 897 912 126 -692 247 -749 -599 -792 -908 -216 745 -991 153 127 466 277 -669 -902 515 126 -545 -573 -551 566 -860 783 -134 -481 3 -342 -779 -939 349 -567 537 -63 220 -954 -616 225 728 762 102 -10 -835 -801 403 272 908 982 -149 116 -827 414 -580 -117 71 779 228 692 216 -545 -468 488 145 409 474
-894 510 151 985 -649 600 -947 940 135 -991 -800 947 164 797 -752 802 -118 907 -156 -587 -428 -230 -200 -739 -853 -77 187 -912 870 559 -504 -298 -441 -620 -517 154 -757 -642 767 273 -515 -974 972 -179 -735 597 -662 -13
129 869 442 268 -614 952 418 -340 -552 -809 -811 477 290 -186 108 -356 572 -372 322 -196 693 547 -639 -332 -898 94 129 -864 885 -333 663 -160 607 -686 -210 516 -376 -959 -969 822 946 -772 -267 -470 -98 634 -951 836 578 -806 -398 757 803 -941 388 -418 995 -909 838 39 -638 -47 -254
-304 859 754 -436 -524 -102 958 -294 -527 943 686 -836 -833 -588 -52 -977 -858 804 -813 -803 65 352 187 178 12 66 498 -535 -708 -457 -494 176 -140 702 828 -897 -265 807 -934 443 734 730 -387 460 849 531 230 877 -267 -164 401 -574 -598 774 581 84 167 59 378
339 -548 -868 -466 -603 -334 -668 968 418 -602 304 -994 774 276 653 -411 117 272 -857 -632 968 305 829 -261 -60 831 -360 155 337 265 -880
-738 -506 584 -167 616 -232 265 -178 -138 -113 -872 506 -744 644 60 603 338 -225 76 -900 891 734 -719 -762 -124 271 225 -732 895 550 795 33 -83 -766 469 148 870 -620 132 73 -502 956 401 -837 -184 414 -380 563 -249 26 572 844 -953 -272 -16 38 -473 -620 -992
-798 5 737 -216 123 174 -445 -973 82 -962 -897 212 176 443 -740 930 351 -954 186 -408 582 -921 -847 -886 -708 53 -473 197 619 20 -687 174 -126 146 -637 935 674 -889 -490 512 165 -253 18 858 407 389 446 -972 975 -158 -868 -617 -701 -378 -617 100 -494 -469 227 -885 814 -368 395 -400 501 964 150 750 687 248 -16
-197 -859 174 243 -382 396 540 308 -52 -113 -516 -918 5 -735 10 22 -751 963 -248 -450 -687 -311 242 -452 -405 206 528 925 565 -412 21 34 805 583 -41 227 -396 920 720 126 520 423 -473 -665 -147 -781 621 412 -189 -678 -374 94 -722 631 899 967 764 398 508 -350 173 652 -365 932 312 -820 -658 39
611 -832 -747 -431 397 -20 -426 -599 322 527 777 504 41 -335 859 410 -188 -836 -714 421 -357 65 -581 -489 -400 -990 -132 -597 58 -457 -257 173 145 -117 -289 -272 53 67 -328 285 -201 -254 -673 -911 -25 -732 -242 746 -337 87 733 -85 961 228
83 -882 -254 -151 45 -151 508 -229 -260 -805 589 126 -898 -779 412 980 190 223 -340 -930 495 822 444 -18 -170 -404 -490 -516 -11 -390 871 67 -729 284 211 -446 -133 537 304 895 365 587 -561 -92 -827 -230 129 -130 708
-395 -296 848 -851 -590 -349 -926 -532 -672 848 960 296 169 838 -802 -26 605 -865 -821 -644 -96 -393 443 -779 -213 -541 263 130 -749 716 543 -761 617 999 -845 76 573 926 945 -986 92 -313 -117 -435 -950 -820 744 -994 -860 855 -797 -867 596 -196 -437 409 -220 -696
-341 837 -501 847 -944 -153 -862 -479 -594 -232 -276 1 -927 -379 530 279 882 358 740 491 364 252 683 -116 -803 62 -700 -518 960 939 656 -601 883 259 -72 -386 464 444 -853 -176 454 -567 397 -414 -402 986 799 -125 -681 953 635 -39 -404
167 -591 876 -353 907 144 858 334 -941 -140 -553 -255 414 -877 78 482 -184 -643 -806 -40 642 -429 -566 -617 -70 898 228 409 850 828 -524 -256 733 900 659 678 638 375 -801 -805 -898 114 735 -205 730 928 978 1 351 -106 -369 -559 -370 60 -680 -574 939 -771 -540
381 -588 481 699 -720 58 446 875 858 390 779 -999 772 -317 284 -456 262 320 259 -576 -45 -242 906 839 749 390 733 -310 83 -754 218 -290 -325 744 -367 -308 -246 -255 754 293 -2 -474 546 -96 316 155 -420 -350 763 481 -214 -401 172 -168 -656 885 741 635 -212 -221 581 366 845 602 -369 -328 499 -345 -435 -529 -469 807 847 658 -905
-630 -452 417 -545 -124 -655 -620 624 -40 -28 -627 -154 781 875 -535 -424 -163 -24 381 923 266 239 -414 -691 621 -83 -419 -21 -447 -570 561 -231 -590
-436 -575 -228 -318 -502 291 -147 537 -774 8 448 -963 -993 -942 -869 222 935 -649 -170 267 668 901 424 -760 -561 -497 -814 -942 870 -262 264
685 208 108 -542 -940 659 449 474 -195 952 -659 -920 60 486 -518 -558 102 784 214 615 422 -974 -406 -222 847 -462 380 729 250 -639 -932 927 544 -602 40 65 -114 568 -462 -137 227 765
348 183 -986 -125 878 88 426 -540 -832 27 -561 -414 -140 985 4 381 12 -154 -549 -867 834 150 901 879 574 466 -820 -861 -781 263 -249 -808 722 336 -813 -361 -311 642 -29 86 -533 -560 592 -897 -15 176 378 798 115 -318 -653 299 385 59 -866 115 663 -133 748 309 -313 -576 -410 -427 -529 985
534 987 455 -652 215 -700 116 -427 -763 506 -740 -719 -654 -21 -576 253 -488 210 -143 -698 -424 -918 431 563 523 -347 -655 102 214 701 652 948 222 -863 -97 -703 -789 -981 898 -648 -93 -182 812 -691 -273 548 -141
687 -669 -905 873 722 -69 197 4 -521 214 -95 558 -453 -623 -571 -83 877 377 -586 -834 -936 250 -302 -546 -697 -276 869 694 -935 72 49 456 48 -773 -596 759 -819 488 -661 -118 437 -213 935 -227 613 172 247 987 -915 333 -532 -904 -269 -807 897 -627 750 736 490 45 155 -460 895 -544 373 -931 -258 -89 434 372 879
238 383 -364 410 -758 -471 440 -492 -498 -136 214 404 251 446 -201 -329 318 716 926 -891 -947 -417 -6 826 661 72 967 330 -377 277 317 -454 338 -196 787 -902 -873 909 -314 33 362 376 -870 728 -658 359 -94 62 150 978 -296 196 93 429 17 864 593 222 -493 777 -976 -357 106 965 193 -417 -602 -742 995 576 -125 979
-243 -734 -840 390 -625 -718 665 725 -389 191 -570 547 -844 93 522 482 711 776 697 -136 -370 419 -386 -178 12 754 -411 -358 -995 103 898 -405 756 -902 -473 -605 -289 -200 164 670 206 185 899 360 -717
-487 -343 -281 2 -1000 689 682 -441 32 205 -815 514 -775 663 50 -652 -684 -724 493 -445 756 743 -502 -923 136 121 450 512 -345 106 -450 -104 155 -561 -699 744 -978 220 575 -844 500 718 311 201 4 -857 37 -259 673 180 -645 368 232 112 -806 405 994 -75 960 -903 -142 501 -638 471 532 978 -98 -195 -6 -350 -38 560
-87 -64 -665 -925 827 319 -720 -860 -965 -827 174 528 759 480 -874 333 -642 -99 -156 56 -303 -877 -18 -44 226
-99 -538 -852 -457 -243 -896 873 869 -24 -707 -469 -589 -4 -588 804 994 176 19 -441 -798 83 -772 -741 -82 187 -545
-547 419 -133 979 -263 -47 -189 -498 -416 997 234 -578 631 859 18 142 923 628 403 445 -513 -778 472 528 542 468 179 993 716 -990 613 -459 374 934 846 272 -980 923 -432 -13 706 -742 -19 -299 160 -209 290 -684 -701 -165 225 -654 916
405 952 -562 852 -800 354 990 -869 912 -807 -645 753 -820 -996 -225 59 -267 -146 -75 -122 -322 -464 -38 573 -100 963 304 -321 -219 -491 -381 -158 587 14 -15 676 -224 -686 975 -107 828 576 376 426 50 168 -477 299 -453 153 -558 -956 826 284 606 -522 565 69 -124 13 569 -643 48 -591 16
-787 -386 -614 -432 -383 -734 -568 -75 -527 -983 -564 206 -688 970 914 -407 -52 877 939 844 -214 -233 843 780 -872 -623 283 366 -364 -308 254 -339 55 207 -555 -855 -967 -657 -801 -448 -601 496 -904 -14 42 -443 -136 67 -818 762 769 122 47 -945 -244 162 180 515 -198 -645 -229 646 -42 231 -314
43 -303 -389 541 -361 12 -838 865 -723 197 714 300 -142 -487 -108 -252 215 -1000 232 -36 464 591 -532 551 628 -796 -198 264 -823 -6 994 340 574 -716 234 -58 -592 -392 440
869 -204 -730 354 534 -356 834 866 190 36 493 105 -62 242 -889 338 -895 811 83 -694 783 741 -693 986 -55 -714 907 472 523 565 -488 -324 -210 -848 -852 -364 -811 420 404 566 600 853 680 552 315 532 850 906 -656 68 523 673 -526 -624 200 -721 618 -923 -354 -489 -593 493 673 335 -432 719 -234 266 975 169 546 -281
-59 -669 -119 931 -973 -936 -478 -709 230 -832 192 -551 -139 855 158 -6 -725 -139 582 -94 576 -686 -543 266 -540 870 -308 -866 320 166 449 -185 -61 -99 221 695 414 655 -635 44 47 -505 -934 -83 733 -126 -354 117 387 359 144 781 -763 668 -25 24 -146 112 301 969 -761 877 479 -598 422 622 352 604 795 453 601 348
60 986 -840 216 -508 -962 -949 -847 821 -486 406 204 -247 298 78 495 -924 701 -381 71 148 217 -851 -513 -43 -564 -6 231
233 668 130 777 750 903 -808 -303 602 -723 83 -204 13 -755 -597 -288 -178 -925 127 295 -802 -135 410 104 -378 562 -680 564 364 769 -571 -136 613 976 -505 962 100 734 803 236 697 -508 -225 -471 -36 491 962 590 -647 -152 697 -144 310 -926 379 -9 -529 -720 -979 592 318 -469 -515 199 -868 40 560 -260 -225 978 -572 545 -233 -161
-578 -881 258 -637 77 838 510 152 853 -447 -484 176 94 -752 -955 115 48 -754 -50 -755 105 -934 450 -966 900 -715 110 629 -352 163 259 -1000 866 -993 523 308 -741 448 81 876 8 656 -300 247 332 -58 -761 -639 264 -515 203 710 471 -283 531 955 -816 -249 -159 -708 941 811 -406 196 -621 787 131 -573 -942 583 438 -225 45
-625 216 749 -463 439 348 483 102 868 -361 -375 329 -397 294 -947 318 698 -993 305 316 -302 -521 -171 220 -266 992 333 -705 -537 -443 414 -511 827
-760 65 -874 -528 42 61 504 -360 544 -684 -39 -674 -470 218 -204 -552 -927 -92 119 214 553 -874 -75 465 298 -850 362 -796 359 -475 -184 -302 -404 403 297 314 776 30 349 523 871 85 -883 -67 949 141 -268 -164 32 350 -499 -914 97 -457 439 238 -779 933 -486 391 -721 37 632 -937 428 -18 993
-718 242 -683 950 -641 399 -502 -339 -834 98 153 -365 585 -938 537 -116 -242 787 334 528 972 -256 -382 916 985 -353 -702 -152 901 47 565 50 -289 680 931 -238 -691 -691 -268 -912 -940 -806 -219 -470 -201 905 -47 190 -940 338 -130 347 -826 6 728 341 607 -890 -863 330 846 515 -748
-554 114 -804 775 -529 -207 -790 637 -958 684 522 557 -625 383 -228 67 258 406 124 -641 -534 -514 -160 -556 654 -115
489 960 271 -712 945 585 -385 -743 -428 -997 -460 -667 -39 151 -23 -590 162 217 -514 700 618 -764 415 793 706 594 348
-985 -553 73 443 193 758 901 94 -783 459 -464 696 285 480 -457 -513 462 451 23 -621 -200 -302 -883 -280 -282 -461 -604 976 829 784 451 -133 928 -825 -130 903 594 -805 -739 185 -714 824 909 -845 -817 673 -598 621 -131 592 -449 -77 819 632 333 464 545 -695 443 659 516 261 246 290 488
-347 -781 434 790 448 351 -776 313 -998 599 -912 -843 228 -897 672 160 348 943 968 -454 406 -996 371 -320 871 241 -996 440 181 -97 -153 195 423 -841 -55 -311 -435 -812 -385 -475 -856 -709 125 -905 951 -533 -257 -84 -731 -223 556 -662 861 690 171 -262 -430 386 -705 39 226 -220 -38 -591 962 128 -667 -308 -797 -404 893 -342 807
-714 155 238 -334 559 461 522 -824 48 -60 237 -71 -276 543 284 -127 -42 691 257 252 822 -279 940 -435 524 -259 141 811 745 -766 -346 323 -898 -686 -585 -123 608 276 -186 -15 372 485 436 -673 -500 -615 281 -522 -297 405 869 -728 -538 -106 156 -601 148
976 -152 959 599 -718 -961 -36 386 -450 -952 823 -100 -830 398 859 -871 870 385 866 -24 550 109 706 943 -499 103 155 -802 200 -667 465 191 -763 -833 -878 728 -751 -591 873 354 57 880 106 222 -529 843 -230 -364 703 722 -671
509 -794 -120 -798 619 -99 143 -82 595 -398 -40 -539 -803 357 99 -25 961 851 -228 -253 -916 779 -117 -284 -117 -725 -494 -65 -833 -472 835 -299 205 -430 527 -566 108 -98 -118 920 906 -31 287 -986
963 688 -126 718 226 922 -392 -189 112 856 -487 487 -522 985 763 -99 -997 -658 102 560 -612 285 -772 272 -899 -759 255 739 -69 113 -747 151 548 979 -800 625 -919 -209 553 -597 -397 -968 997 -289 126 293 -221 -134 407 -414 887 -506 -76 -918 254 604 426 -603 -293 979 78 543 205 562 184
-3 992 -975 -445 875 -852 -166 -621 923 -392 -518 -965 -745 552 -32 -93 497 606 -348 966 486 255 151 466 727 112 -200 -82 -915 -521 -238 -309 818 424 13 473 -528 -678 629 18 -546 -718 437 313 521 217 937 -518 972 338 554 435 -339 948 -910 877 -972 -545 -10 -104 486 -862 451 706 810 939 190 238 -505 579 -963 914 903 174
-263 142 -231 125 -717 771 -221 362 681 -107 586 -575 -692 -287 -519 509 -139 -793 -104 590 929 -238 45 477 853 378 81 -151 -40 431 -265 683 892 -111 -146 79 828 -935
784 207 -612 137 -382 628 -99 825 42 -309 406 477 -982 -431 -234 -168 477 55 250 -568 772 489 109 454 -750 -479 -821
977 -272 332 199 -928 756 823 -986 220 -715 184 -857 -20 335 -861 -204 -692 134 -467 -149 743 341 -296 139 678 -62 -573 -78 316 501 -574 453 -325 -510 -794 -664 -401 275 -660 845 722 988 362 581 697 -194 -210 472 9 185 -237 -123 248 -357 -642 570 -46 -608 -885 -268
624 -817 -858 54 199 -10 843 442 448 723 83 -382 179 -415 -932 685 336 -589 -933 -112 13 -998 -603 667 92 49 -256 457 -935 685 -897 -389 -599 631 750 916 557 518 -607 364 209 122 873 -987 -323 -761 -817 627 -533 636 -525 -225 561 157 294 789 557 732 -143 608 922 713 -197 -879 -938 208 -789 -675 765 565
143 -614 -853 -10 -643 -295 -335 428 -15 270 591 -339 586 722 -13 754 908 928 -833 706 -292 -817 434 -667 -3 -73 82 972 -665 868 654 -69 49 -639 595 -54 353 391 842 374 601 284 -357 -675 841 -9 839 963 -691 -560 208 50 259 693 -208 -939 353 532 -198 124 -965 -862