-82 N/A 622 45 N/A 611 N/A -485 146 N/A 955 727 -211 131 N/A 101 -999 -724 290 N/A -911 668 -447 342 -433 -509 N/A 149 274 -283 N/A -242 537 -862 -725 N/A 330 -660 -999 608 -687 N/A 316 N/A -698 610 -218 540 117 -627 N/A 241 -523 237 -783 N/A 221 992 N/A 679 -612 N/A 440 386 20 161 N/A 66 -656 N/A 92
-943 N/A -637 775 N/A 665 491 N/A -273 152 N/A -960 979 N/A -92 684 N/A 6 -789 -799 N/A -923 171 149 -356 604 -247 475 -215 N/A -808 142 N/A -436 -845 972 208 N/A -654 322 286 -741 N/A 77 -884 463 191 112 -15 718 59 N/A 178 214 N/A -689 66 N/A -100 N/A 155 883 -663 -825 N/A 401 N/A 878 617 823 -232 N/A -812 -306 -573
-769 878 207 -830 -756 N/A -521 N/A 838 -950 904 N/A 560 -232 76 -74 -851 681 N/A -529 481 131 -184 485 -402 N/A 596 N/A -105 -107 620 539 N/A 153 N/A -389 -188 -534 -238 N/A 295 N/A 851 -435 878 N/A 290 N/A -2 N/A 572 N/A 347 N/A 904 N/A 819 -280 -908 -261 728 -797 513 -196 931 -541 -316 N/A 519 -410 -366
-357 254 410 N/A 60 112 903 174 129 N/A 917 45 N/A -45 267 628 -466 608 N/A 153 95 -615 -588 30 -822 N/A -955 N/A 465 876 157 963 -138 N/A 293 -804 -555 N/A 713 642 -859 -790 N/A -858 -720 N/A -301 -639 N/A -625 N/A -442 N/A 770 -418 427 581 N/A 537 N/A 159 N/A 908 377 -102 190 -55 N/A -494 356 -650 N/A -378 679
245 -706 N/A 618 -306 N/A 745 -958 126 N/A 595 N/A 767 N/A 140 -859 -56 -865 -399 675 -549 -150 -841 N/A -944 -416 N/A 331 170 589
-453 389 594 349 N/A -639 -50 934 -180 N/A -871 -47 571 -779 786 N/A 776 8 313 N/A 6 N/A -296 N/A -969 N/A -309 N/A -713 N/A -508 119 N/A 427 -852 -231 -642 646 599 -4 -294 -891
-23 794 N/A -316 -483 N/A -70 454 N/A -495 N/A -688 -215 N/A 357 734 N/A -959 N/A -152 N/A 540 -374 -984 -969 310 N/A 808 515 N/A 724 -802 -414 227 414 N/A 813 384 N/A -55 -290 -619 -672 -360 -624 -217 -440 -247 -606 N/A 364 537 N/A 366 -740 172 N/A 654 469 -353 999 N/A 378 -513 N/A 374 386 -507 N/A -258 -2 429
-365 -552 -891 -77 -14 N/A 491 -5 N/A 392 -203 612 -629 181 N/A -783 N/A 592 -649 N/A -758 N/A 882 -92 859 974 N/A 103 N/A -661 9 883 -373 -829 N/A -805 -837 -342 -816 N/A -579 -967 N/A -608 N/A -125 -30 N/A -330 -42 161 -66 -406 N/A 62 -328 -143 521 309 N/A 926 -875 N/A -99 N/A -862 410 -166
-756 706 -793 N/A 430 452 N/A 194 N/A -535 777 -675 932 -320 N/A 914 -817 -65 N/A 851 N/A 756 N/A 380 206 -777 -619 456 950
925 -13 648 -865 N/A -463 670 N/A -904 -131 N/A -21 280 -817 493 161 N/A 128 -285 -289 N/A -397 10 -858 439 N/A -450 680 N/A 804 N/A -91 916 -361 900 531 N/A -17 976 N/A -450
-760 N/A 510 -617 -544 2 -796 N/A 388 774 N/A -699 -851 910 -522 N/A -189 -267 986 -346 N/A -539 N/A -937 -886 510 -517 949 -114 -135 N/A -53 N/A -905 220 -872 N/A -595 N/A -452 -133 N/A -173 -9 848
513 148 107 539 N/A 721 -949 566 103 -950 N/A -629 N/A -779 971 N/A -649 873 526 N/A 904 N/A 687 N/A 148 672 670 N/A 259 -754 -16 N/A -582 -626 434 -112 N/A -402 -778 787 -642 -344 375 937 N/A -839 129 -384 -710 -896 N/A -860 110 N/A -349
-61 N/A 196 N/A -42 -440 N/A 883 -547 936 N/A -82 -29 -7 -977 -98 -505 -977 N/A -12 618 N/A 650 529 N/A -71 552 569 N/A -438 210 N/A 10 N/A 223 641 -395 -702 629 -739 626 350 589 113 -661 -37 198 N/A 241 N/A -419 N/A 452 562 N/A -129 107 332
753 600 710 184 -129 -437 N/A 848 -683 957 26 -437 792 -176 179 N/A 469 N/A 798 N/A -909 -794 N/A -246 N/A 23 N/A 336 -428 -402 176 N/A 912 20 209 754 N/A 718 -402 161 N/A 369 7 -362 824 N/A 312 -647 623 N/A -837 N/A -232 -362 N/A -26 -135 -49
582 N/A -976 -850 661 -220 N/A 770 N/A 460 -577 -29 N/A 951 -581 -824 520 -44 -998 N/A -963 722 502 211 -228 N/A -580
-752 -521 779 482 27 N/A 738 -922 N/A 165 -710 142 -458 N/A 387 701 833 -721 N/A -294 N/A 694 642 -895 214 -749 N/A 383 N/A -669 -797 -103 N/A 298 N/A -378 -603 -376 -181
-249 -261 69 -653 84 628 -937 367 681 746 -257 157 690 -41 N/A 850 N/A 829 -582 249 571 N/A -887 240 N/A 854 182 -826 -684 -452 160 -113 N/A 650 -948 N/A -179 -455 N/A -857 N/A -613 318 N/A -817 -429 N/A 649 427 -80 N/A -21 N/A 215 -168 629 N/A -967 527 N/A -241 N/A 860 N/A 19
682 N/A 617 N/A -586 -360 370 N/A 199 N/A -223 463 N/A 95 117 -905 -212 -816 -254 -268 -208 931 N/A 996 N/A 580 127 603 227 -229 N/A -666 -36
-814 -26 N/A -834 602 288 N/A 273 618 309 -201 N/A 412 -35 N/A -363 262 -950 -801 N/A -560 -477 N/A 193 619 -73 487 400 N/A 125 -37 N/A 783 528 117 -100 83 N/A -720
650 -181 752 -73 N/A 379 -89 -711 N/A -658 -466 -620 29 N/A 701 856 N/A -239 883 498 N/A 835 968 25 N/A -908 983 N/A -229 -688 888
-457 -552 N/A 362 -306 886 206 -80 408 N/A 414 -752 86 -813 -892 -866 N/A 332 N/A -554 N/A 259 N/A -117 -947 N/A 389 223 854 N/A 824 -731 -629 -444 -322
664 774 N/A -163 458 N/A 962 N/A 891 -686 459 N/A 943 -518 12 469 214 -498 -13 -339 -61 N/A 3 -174 N/A -863 105 -810 694 N/A -652 N/A -202 N/A -408 762 N/A -945 N/A -158 N/A 538 N/A -537 N/A 471 -900 -295 N/A 392 758 631 N/A 243 275 -974 891 413 477 -547 -672 -448 -538 -494
105 N/A -824 551 469 N/A 355 -115 -315 N/A 706 666 -406 -472 N/A -266 16 -642 N/A -260 79 211 N/A 907 -524 N/A -452 -963 -670
532 187 -10 978 N/A 156 250 N/A 761 -269 -731 700 49 647 691 -793 N/A 810 N/A 887 774 -162 -882 N/A -705 814 -415 -761 N/A 585 N/A -101 N/A -98 N/A -362 217 N/A -286 -91 -729 656 240 112 47 N/A 34 N/A 324 2 N/A -115 468 -597
846 N/A 719 -773 N/A -828 N/A 781 -323 428 N/A -762 923 -927 -791 -851 N/A -930 N/A 950 -171 -576 N/A -207 -695 178 N/A 29 -38 691 -898 558 74 -338 -594 N/A -280 -335 N/A -679 N/A 90 N/A 94 -511 266 N/A -93 -552 760 356 692 256 -92 N/A -974 229 516 -517 N/A 867 N/A 931 -562
-401 120 -90 N/A -407 162 448 391 -112 53 851 N/A 719 708 166 N/A -200 N/A -980 N/A -23 -192 573 N/A 53 N/A 521 378 -602 -777 N/A 3 N/A 380 874 556 277 527 -754 N/A -139 -638 N/A -384 -18 -979 N/A -635 401 N/A 37 N/A 492 -50 798 -425 -122 547 -502
837 570 475 97 995 669 N/A -613 -5 300 829 912 -835 165 704 -105 N/A -595 N/A -122 N/A -220 N/A 917 N/A -748 N/A 284 N/A 503 N/A 385 -162 312 -429 -103 637 -921 998 N/A -164 160 87 N/A -750 523 902 N/A 770 -115 N/A 599 -878 767 -780 521 231 733 N/A 595 N/A -927 N/A 515 -19
-280 677 N/A -701 -575 781 445 N/A 342 -868 -564 N/A -808 N/A 627 N/A 901 491 755 N/A 719 229 -402 448 501 576 -519 889 686 -176 N/A -36 N/A 213 910 339 -647 N/A 608 -606 N/A -873 -256 -893 N/A 332 N/A -828 400 N/A 429 -487 -264 -506 N/A 684 352 -750 N/A -917 382 -826 N/A 958 506 699
718 142 N/A 580 N/A 837 474 N/A -314 349 -226 -108 434 -667 508 -240 -590 426 266 N/A -292 N/A 747 N/A 75 -993 N/A 196 579 N/A 690 365 -949 N/A 853 -459 388 605 -779 N/A -602
-808 804 -717 N/A 906 N/A 77 -768 -768 767 N/A -549 -891 -232 849 N/A -75 275 N/A -579 N/A 212 856 -5 766 566 -885 52 N/A 461 -324 -309 N/A 570 N/A -147 -224 476 675 N/A 496 -433 -278 -213 -293 62 N/A -662 452 N/A 776
929 -488 N/A -112 -711 -229 N/A 876 -357 N/A -735 -923 -94 N/A -795 368 500 N/A 692 231 464 561 -870 188 567 N/A -829 975 N/A 535 N/A 626 460 -128 -169 915 N/A 799 -819 N/A -510 -5 N/A -612 -643 -959 N/A 835 -866 -281 N/A 296 852 989 -73 N/A -74 -756 N/A -504 657 N/A -933 558 718 -814 N/A -573 N/A 254 -211 508 -178 13 724
-475 89 N/A -278 N/A -768 387 N/A -277 -328 958 -983 -462 243 448 795 -210 N/A 906 -581 N/A -509 -747 N/A -769 N/A 136 N/A -688 292 306 940 -759 -189 15 N/A 291
179 14 112 -328 N/A 673 N/A -909 -566 N/A 927 N/A -31 254 758 -184 -838 993 -8 -314 N/A -952 -80 N/A -483 500 690 N/A 626
-384 -278 N/A -488 167 N/A -249 N/A -952 975 377 -96 -185 -31 643 55 940 -637 -736 N/A -373 -876 349 N/A 191 866 N/A 540 492 96 120 -697 -716 N/A 186 768 73 N/A -736 714 -856 N/A 821 -933 N/A -577 -164 N/A 533 N/A -585 N/A 217 768
29 109 -277 N/A -845 -858 760 N/A 410 -337 -219 N/A -397 N/A -666 -418 -609 -588 849 -426 -949 660 N/A 193 N/A 201 -791 -708 -825 -39 95 -958 N/A -914 904 100 -211 259 -203 N/A 407 N/A -819 120 N/A -64 -814 N/A -642 N/A -967 675 26 N/A -478 N/A 128 -602 N/A -794 732
894 178 -310 947 -796 N/A 207 N/A -418 -648 N/A -166 848 447 N/A -75 405 N/A -47 N/A 500 -500 N/A -24 -190 -317 -615 435 N/A 10 141 -189 -939 N/A -365 -869 -345 N/A 576 -510 724
-511 -394 N/A -308 -42 881 398 N/A 485 -164 632 N/A -561 500 802 N/A 51 243 316 -879 N/A 171 203 -243 195 N/A 582
-692 291 85 N/A -42 991 -641 -24 N/A 709 779 N/A -49 -64 N/A 850 -988 N/A 136 771 281 N/A -799 134 549 464 737 -818 438 N/A 512 -959 -512 904 -706 N/A -11 -137 114 N/A 476 -410 N/A 421 -717 N/A 373 34 N/A -230 N/A 948 N/A -812 920 694 527 N/A 475 88 N/A -16 -357 474 950 -427
186 N/A 364 621 -979 N/A -8 753 298 833 N/A 399 635 549 802 -864 N/A -494 913 -78 N/A 559 N/A -803 -126 N/A 159 -348
-982 N/A -816 -627 N/A -588 -37 N/A -84 480 -46 N/A -719 N/A 567 -966 N/A 748 -926 112 N/A -641 N/A -602 215 -520 -490 N/A 569 -848 -543 N/A -853 -685 220 656 N/A -71 -720 -956 791 N/A 988 -386 -810 N/A -623 N/A -192 -303 847 N/A 962 N/A -970 288 438 180 836 -523 -353 -486 -526 -500
-962 -36 N/A 824 491 N/A -547 N/A -818 -702 546 99 881 N/A -855 245 730 -700 -74 -461 N/A -156 -266 -151 -759 -631 -21 N/A 191 -6 576 550 N/A -317 -559 N/A -568 N/A -507 -505 N/A 796 N/A -905 -717 N/A 512 -279 -300
622 866 -307 558 N/A -166 -426 -966 614 -668 -406 N/A 219 N/A -937 -506 -924 870 N/A 122 -269 -48 711 N/A 291 -227 -907 -465 341 N/A 329 195 N/A -890 -321 N/A -419 N/A 106
993 -18 11 30 -370 99 N/A 712 -371 -587 N/A 52 N/A 382 31 438 175 423 N/A 818 -375 N/A -472 N/A 906 -614 N/A -574
-616 -843 -550 N/A -818 46 N/A 540 162 -958 -114 178 N/A -374 -224 -384 -80 -137 N/A 806 -123 N/A -357 670 -157 456 N/A -64 N/A -251 N/A -694 -980 -143 N/A 617 321 -772 -512 N/A 309
644 N/A -543 851 -738 -76 N/A 802 -154 -243 N/A 402 -406 -769 N/A 129 -527 -222 180 N/A -106 N/A -183 861 650 -778 N/A -874 N/A 573 122 -749 492 187 5 N/A -699 302 -75 N/A -394 533 496 -711 446 -497 306 N/A 61 N/A 380 N/A 771 N/A -383 869 -272
-973 N/A 963 491 -497 291 -193 616 N/A -80 N/A 167 N/A -241 162 465 -802 -687 N/A 669 683 -231 69 -849 -110 -214 N/A -341 -690 N/A 591 N/A 887 -727 N/A 789 N/A 493 178 N/A 132 N/A -395 N/A 233 -129 -443 -401 N/A 221 724 925 N/A -329 -843 -701 -476 122 148 N/A -954 -891 194 -828
955 301 563 -152 686 -794 786 -726 764 N/A 661 665 -378 N/A -351 -71 N/A 687 N/A 434 N/A -203 N/A 590 874 665
-604 547 752 282 76 177 837 N/A 430 N/A 830 -200 459 N/A 198 -779 N/A 337 N/A -204 -219 -771 -518 N/A -898 -856 N/A -355 945 N/A 331 N/A -651 N/A 646 -189 -97 N/A -88 -716 -316 -445 244 454 -904 -428 N/A 260 N/A -725 990 -452 -165 -116 -398
509 -404 62 N/A 734 -254 737 N/A 528 -194 7 832 N/A 428 N/A 501 -955 -349 -75 -32 N/A -296 581 19 N/A -823 -654 952 851 N/A 147 -150 -251 -647 N/A -540 -958 249 10 -807 630 -381 N/A -934 N/A -799 -105 N/A 406 N/A -835 -897 840 -707 N/A 502 547 281 N/A 348 N/A 267 -256 N/A -419
78 349 827 529 N/A 858 N/A -802 394 -817 N/A 542 N/A 217 N/A 772 273 -30 398 -20 N/A 557 -78 824 -289 N/A -526 734 -873
461 N/A -566 548 429 N/A 8 -236 -734 N/A -360 -606 N/A -663 -937 -974 N/A 789 630 -940 N/A 620 -412 -978 N/A -505 -209 535 N/A 871 728 -673 -367 743 N/A 435 N/A -331 767 N/A 297 -82 -945 -995 N/A -524 N/A -316 N/A -165 354 104 N/A -184 N/A -494 20 597 873 -559 586 191 702 -184
768 N/A 855 N/A 55 -398 N/A 393 -513 N/A 217 -220 N/A 160 219 468 -607 -740 N/A 830 -589 -639 799 459 853 -917 469 N/A -152 -549 179 866 N/A 395 N/A -514
-260 -912 N/A 966 -669 N/A 4 -746 69 -742 -179 -67 -286 N/A 642 807 390 N/A 372 161 161 N/A -830 N/A -532 N/A 502 670 75 N/A 471 712 -604 482 N/A 710 -703 447 562
638 N/A -43 N/A 337 N/A -925 -455 70 894 -828 710 N/A -450 502 470 -870 388 59 -194 -694 820 -324 -940 -129 N/A 956 N/A 908 N/A -357 17 -567 -237 935 1 977 N/A 673 N/A -470 N/A 758 N/A 391 N/A 346 -954
715 N/A 398 N/A 905 140 N/A 220 -608 -295 359 729 N/A -815 -404 N/A -522 -799 N/A -436 N/A 576 -254 N/A -608 -402 N/A -540 860 -638 -220 N/A -815 769 -939 -528 -934 -620 -932 433 195 N/A 196 549 N/A -591 N/A 713 -818 -861 N/A -951 875 177 664 329 N/A 264 25 -224 -288
78 382 N/A -888 480 -680 N/A 881 428 N/A 204 N/A -96 761 N/A -421 -741 497 N/A 112 -587 681 N/A -761 N/A 641 N/A 74 270 888 N/A -889 -415 -226 757 708 406 169 871 N/A -55 N/A 133 -677 565 -510 382 -724 -17 -218
615 -891 -624 632 N/A -458 -825 -88 967 N/A -240 713 693 N/A -950 N/A 926 N/A -957 -729 204 -117 N/A 281 941 N/A -568 978 -824 628 N/A 3 N/A 819 219 -694 -457 N/A -505 -982 N/A -51 N/A -608 584 343 515 -769 411 200 -682 N/A -1000 574 -37 742 -405 673 438 N/A 931 N/A 272 N/A 344
-580 -472 -546 -589 N/A 144 -670 N/A -162 N/A 547 217 478 198 N/A 208 -302 N/A -530 -511 897 N/A -56 -303 -776 -969
-813 555 N/A -459 -969 -2 -559 348 581 N/A 200 N/A 321 -40 337 563 N/A 911 N/A -246 -670 -690 N/A 45 N/A -634 974 N/A -166 N/A 437 933 565 -184 -959 -37
-360 96 658 318 605 N/A -749 955 N/A -377 N/A -882 325 668 465 270 N/A -663 68 496 856 920 -72 -578 -698 N/A -336 368 N/A -559 N/A 133 -622 -477 923 N/A 96 N/A -859 -380 -603 N/A -797 N/A 485 197 N/A 332 -223 -596 N/A -643 -924 224 -58 223 N/A -932 88 N/A 390 N/A -454 350
-584 -32 -861 -893 -967 785 N/A -909 531 N/A 571 N/A -984 N/A -434 326 393 -476 -895 -693 899 -251 N/A -86 -555 -615 232 N/A 454 N/A 368 -1000 N/A 722 242 -57 206 N/A -65 -200 963 N/A -224 N/A 463 N/A 315 546 N/A 418 N/A 431 746 586 -21 N/A 785 -348 N/A 266 478 80 -655 -846 583 -6
10 N/A -519 -108 -380 N/A -317 589 -68 -994 90 315 625 N/A -75 N/A 203 -200 N/A 648 -434 142 645 -367 N/A -265 N/A 921 767 451 -862 -908 909 N/A -914 677 -766 N/A 23 -442 N/A -724 -371 686 N/A 700 N/A -490 N/A -881 -966 430 -137 264 N/A -306 707 -461 -985 -407 N/A 392
-760 N/A -354 848 -560 N/A 376 N/A -476 N/A -658 N/A 242 -838 552 890 -543 -1000 -931 -288 N/A 547 132 668 N/A 433 113 -70 -982 928 7 -447 N/A 59 -215 -470 478 N/A 793 93 N/A 110 430 N/A -459 962 -520 -618 -88 -868 N/A 367 N/A 285 N/A 19 -559
-171 624 127 N/A -422 423 107 24 -736 -267 N/A -926 N/A -2 518 N/A 641 -588 N/A -118 360 -334 770 41 N/A -523 744 N/A 261 N/A -370 -31 N/A 994 -40 N/A 239 394 -4 306 -943 N/A -841 399 -944 -833 974 -283 262 -982 -525 N/A -124 N/A -818 N/A -863
443 -19 520 -927 -818 -978 953 714 277 -854 N/A 557 N/A -241 -397 488 -85 N/A -909 772 N/A -207 60 -354 N/A 702 627 888 N/A 551 N/A -443 N/A 881 128 311 669 -417 N/A 536 949 425 -256 -352 734 -642 N/A -181 N/A -325 561 433 N/A -146 -209 N/A -143 N/A 312 N/A -901 -59 -305
943 N/A -219 359 387 -362 N/A 492 -84 N/A 388 -837 N/A 633 -605 -993 361 81 N/A 137 N/A -926 820 -975 381 N/A -891 219 N/A 653 444 230 183 932
-242 -738 -181 -137 N/A -490 N/A 356 31 N/A -824 915 94 N/A 615 534 N/A -299 N/A -665 -173 -707 -464 -268 N/A -646 243 -291 N/A -625 48 -919 N/A -935 -45 -729
518 N/A 32 -495 838 N/A 782 543 -829 N/A -793 586 N/A -187 -722 N/A -832 N/A -114 381 -524 850 -453 830 541 N/A 475 -795
-163 708 -858 779 N/A 10 556 816 N/A -102 N/A 542 120 -948 N/A 682 298 N/A 326 N/A 145 582 545 242 852 -940 977
283 -603 518 -952 -723 644 -780 736 N/A 145 N/A 681 -139 N/A -841 862 174 62 880 N/A -731 -312 838 415 -918 -408 N/A -874 N/A -843 -226 -109 N/A 707 501 462 498 N/A 755 593 132 -420 N/A -111 679 -785 440 N/A 23 N/A -128 N/A 397 N/A 799 204 92 N/A -50 N/A 714 N/A 754 -313
496 891 -438 -931 881 N/A 381 -152 N/A 203 N/A -232 439 -566 -106 -408 -79 N/A 640 151 618 -815 N/A 785 N/A 518 N/A -963 N/A 77 849 -114 -688 252 N/A 351 N/A 761 N/A -950 926 145 -840 510 N/A -161 -624 231
81 276 N/A 143 N/A 914 171 N/A 401 42 870 634 501 -917 -192 850 884 844 N/A -961 -214 -695 879 N/A -923 N/A -639 75 -754 N/A 782 -413 N/A 647 -891 -860 -373 N/A -870 382 -868 1 -65 -458 N/A -66 460 N/A -951 736 432 392 -837 515 N/A -490 N/A 745 N/A 770 5 791 -604 N/A -154 N/A -683 N/A -958 N/A 905 13 -848 237
-866 499 -850 N/A 445 -270 379 47 N/A 291 587 -298 N/A -103 -922 N/A 215 129 N/A -757 688 -316 N/A 328 N/A 505 -368 -170 347 N/A 90 728
-927 540 N/A -450 N/A 493 976 288 232 -573 365 N/A 537 N/A 480 N/A 756 779 774 975 -885 -304 -346 N/A 866 660 -766 N/A 772 -887 N/A 525